              precision    recall  f1-score   support

           0       0.95      0.96      0.95      6147
           1       0.94      0.97      0.96      7071
           2       0.90      0.88      0.89      6249
           3       0.90      0.87      0.89      6404
           4       0.91      0.91      0.91      6116
           5       0.85      0.85      0.85      5603
           6       0.93      0.95      0.94      6141
           7       0.91      0.93      0.92      6445
           8       0.88      0.86      0.87      6090
           9       0.87      0.87      0.87      6234

    accuracy                           0.91     62500
   macro avg       0.90      0.90      0.90     62500
weighted avg       0.91      0.91      0.91     62500

