              precision    recall  f1-score   support

           0       0.96      0.98      0.97       244
           1       0.93      0.97      0.95       287
           2       0.93      0.89      0.91       235
           3       0.93      0.88      0.90       281
           4       0.92      0.95      0.94       213
           5       0.90      0.89      0.90       215
           6       0.94      0.96      0.95       225
           7       0.95      0.94      0.95       257
           8       0.88      0.95      0.91       253
           9       0.93      0.87      0.90       290

    accuracy                           0.93      2500
   macro avg       0.93      0.93      0.93      2500
weighted avg       0.93      0.93      0.93      2500
