              precision    recall  f1-score   support

           0       0.92      0.95      0.94       244
           1       0.86      0.98      0.92       287
           2       0.86      0.83      0.84       235
           3       0.86      0.81      0.83       281
           4       0.84      0.90      0.87       213
           5       0.87      0.79      0.83       215
           6       0.92      0.92      0.92       225
           7       0.91      0.90      0.90       257
           8       0.82      0.81      0.82       253
           9       0.87      0.83      0.85       290

    accuracy                           0.87      2500
   macro avg       0.87      0.87      0.87      2500
weighted avg       0.87      0.87      0.87      2500
